39 1
0 -0.456150 
1 0.000879 
2 0.456405 
3 -0.446047 
4 -0.397241 
5 -0.451416 
6 0.148789 
7 0.483635 
8 0.144145 
9 0.216582 
10 0.395706 
11 -0.021376 
12 0.285500 
13 0.401621 
14 -0.469811 
15 0.321158 
16 0.354424 
17 -0.427357 
18 -0.275611 
19 -0.404972 
20 -0.129222 
21 -0.379129 
22 -0.164710 
23 -0.227327 
24 0.173488 
25 0.180768 
26 -0.180793 
27 0.045791 
28 -0.485007 
29 0.001186 
30 0.459482 
31 0.420430 
32 -0.161468 
33 -0.067322 
34 0.103350 
35 0.234544 
36 -0.204355 
37 -0.331276 
38 0.044468 
