39 1
0 -0.283209 
1 -0.392951 
2 -0.410330 
3 0.231511 
4 -0.067881 
5 0.159523 
6 0.008930 
7 0.291252 
8 0.352692 
9 -0.174300 
10 0.232116 
11 0.104406 
12 -0.225937 
13 -0.469983 
14 -0.050859 
15 0.356717 
16 0.312622 
17 0.016885 
18 0.407491 
19 -0.012056 
20 0.106121 
21 -0.172177 
22 -0.443001 
23 -0.330898 
24 -0.382084 
25 0.459809 
26 0.365859 
27 -0.209747 
28 0.215578 
29 0.441382 
30 -0.478779 
31 -0.155810 
32 -0.170287 
33 0.093613 
34 0.232689 
35 0.475384 
36 0.446769 
37 0.049998 
38 0.236109 
