39 1
0 -0.430540 
1 0.051260 
2 0.122544 
3 0.462469 
4 0.313609 
5 -0.125828 
6 0.373451 
7 0.448836 
8 0.496519 
9 0.453767 
10 0.286099 
11 0.056152 
12 0.157422 
13 0.200572 
14 -0.361093 
15 -0.400798 
16 0.351472 
17 0.365232 
18 -0.006075 
19 -0.397676 
20 -0.026993 
21 -0.103344 
22 -0.208229 
23 -0.087802 
24 -0.048665 
25 0.365518 
26 0.469132 
27 -0.458929 
28 0.414808 
29 -0.027212 
30 0.149723 
31 0.385243 
32 0.150831 
33 -0.219206 
34 -0.320777 
35 -0.267461 
36 0.145519 
37 -0.200711 
38 -0.365985 
