39 1
0 0.150496 
1 0.325889 
2 0.345862 
3 -0.030820 
4 0.106338 
5 0.388185 
6 0.247253 
7 0.389544 
8 -0.308724 
9 0.199443 
10 -0.478903 
11 -0.300032 
12 -0.378237 
13 -0.259768 
14 -0.473511 
15 -0.437463 
16 -0.159313 
17 0.448159 
18 -0.443338 
19 -0.045347 
20 -0.411390 
21 -0.120670 
22 0.063776 
23 0.279278 
24 0.352320 
25 0.284598 
26 0.479972 
27 0.066232 
28 0.466344 
29 0.176526 
30 0.485092 
31 0.181220 
32 -0.070037 
33 -0.108066 
34 0.011634 
35 -0.495081 
36 -0.228328 
37 -0.467739 
38 -0.373516 
