39 1
0 -0.387973 
1 -0.247009 
2 0.479871 
3 0.376243 
4 0.401043 
5 -0.029045 
6 0.108774 
7 -0.067289 
8 0.032820 
9 -0.007644 
10 0.396086 
11 -0.278272 
12 0.312668 
13 -0.384172 
14 0.478724 
15 0.062209 
16 -0.288603 
17 0.266685 
18 0.438084 
19 0.374162 
20 -0.281919 
21 -0.180958 
22 -0.354334 
23 0.479658 
24 -0.063522 
25 -0.169793 
26 0.385458 
27 0.358289 
28 0.096098 
29 -0.469926 
30 -0.398824 
31 -0.290078 
32 -0.141789 
33 0.427666 
34 0.279658 
35 0.198290 
36 -0.458988 
37 -0.462020 
38 -0.133661 
