39 1
0 0.335690 
1 0.065977 
2 0.210863 
3 0.285137 
4 -0.411241 
5 0.469505 
6 0.027495 
7 0.391202 
8 0.120084 
9 -0.269182 
10 -0.325225 
11 -0.481171 
12 -0.274777 
13 -0.017259 
14 0.051356 
15 0.065640 
16 0.154650 
17 0.060255 
18 0.089769 
19 0.223919 
20 0.116912 
21 -0.393845 
22 -0.275718 
23 -0.080754 
24 0.466025 
25 -0.118335 
26 0.206318 
27 0.151940 
28 0.239609 
29 -0.198963 
30 -0.095924 
31 0.277120 
32 0.465384 
33 0.222139 
34 -0.461178 
35 0.234579 
36 -0.212286 
37 0.317667 
38 -0.131584 
