39 1
0 -0.098606 
1 0.391618 
2 -0.028387 
3 0.341242 
4 0.364903 
5 0.454138 
6 -0.039833 
7 0.123124 
8 -0.127923 
9 -0.363623 
10 -0.106162 
11 -0.302439 
12 -0.384266 
13 -0.057709 
14 -0.211841 
15 0.262805 
16 0.011367 
17 0.012127 
18 0.407731 
19 -0.019230 
20 -0.256045 
21 -0.387593 
22 0.463185 
23 0.029477 
24 -0.330529 
25 0.355656 
26 -0.207784 
27 -0.169543 
28 0.072695 
29 0.477452 
30 0.241799 
31 -0.184233 
32 -0.098606 
33 0.391618 
34 -0.028387 
35 0.341242 
36 0.364903 
37 0.454138 
38 -0.039833 
