39 1
0 0.416668 
1 -0.482106 
2 0.319195 
3 0.052080 
4 -0.410379 
5 -0.384653 
6 0.031271 
7 -0.273625 
8 -0.277912 
9 -0.218125 
10 -0.178475 
11 0.227992 
12 0.335588 
13 0.135250 
14 -0.285908 
15 0.080027 
16 0.178373 
17 -0.382543 
18 0.341237 
19 -0.148203 
20 0.323948 
21 0.331620 
22 0.409260 
23 -0.032256 
24 -0.126921 
25 -0.157012 
26 -0.365904 
27 -0.380357 
28 -0.438861 
29 0.279398 
30 0.207054 
31 0.455876 
32 0.416668 
33 -0.482106 
34 0.319195 
35 0.052080 
36 -0.410379 
37 -0.384653 
38 0.031271 
