39 1
0 0.303271 
1 -0.003533 
2 -0.233018 
3 0.460735 
4 0.184327 
5 -0.376343 
6 0.176839 
7 0.447082 
8 0.365557 
9 0.497686 
10 0.150389 
11 -0.353573 
12 0.010834 
13 0.380317 
14 -0.406904 
15 -0.491262 
16 0.350484 
17 0.110582 
18 0.324068 
19 -0.130371 
20 -0.058587 
21 -0.007533 
22 -0.445891 
23 0.080253 
24 0.449347 
25 0.497542 
26 -0.082845 
27 0.406757 
28 0.486400 
29 -0.295177 
30 -0.216157 
31 -0.396854 
32 0.303271 
33 -0.003533 
34 -0.233018 
35 0.460735 
36 0.184327 
37 -0.376343 
38 0.176839 
