39 1
0 0.347900 
1 0.275488 
2 -0.227165 
3 -0.172770 
4 -0.096460 
5 0.357253 
6 0.304081 
7 -0.440997 
8 0.153201 
9 -0.417315 
10 -0.310792 
11 0.085387 
12 -0.215219 
13 0.022919 
14 -0.202920 
15 0.425821 
16 0.286135 
17 0.167337 
18 -0.061615 
19 0.063735 
20 -0.461115 
21 -0.462869 
22 -0.392952 
23 0.416335 
24 0.190025 
25 0.233235 
26 -0.339435 
27 -0.329210 
28 -0.189986 
29 -0.267944 
30 0.355331 
31 0.341038 
32 0.347900 
33 0.275488 
34 -0.227165 
35 -0.172770 
36 -0.096460 
37 0.357253 
38 0.304081 
