39 1
0 -0.335995 
1 -0.339636 
2 0.435886 
3 0.100453 
4 0.111945 
5 -0.232728 
6 0.335502 
7 -0.289069 
8 0.130332 
9 -0.160422 
10 -0.084344 
11 -0.441384 
12 0.309584 
13 -0.089115 
14 0.449146 
15 0.391005 
16 -0.140423 
17 0.151057 
18 0.171089 
19 -0.472665 
20 0.112747 
21 0.049010 
22 -0.152938 
23 -0.061020 
24 -0.196803 
25 -0.330815 
26 0.204124 
27 -0.318867 
28 0.186925 
29 0.091636 
30 -0.366345 
31 0.192670 
32 -0.335995 
33 -0.339636 
34 0.435886 
35 0.100453 
36 0.111945 
37 -0.232728 
38 0.335502 
