39 1
0 0.291004 
1 -0.468176 
2 -0.310582 
3 0.413650 
4 0.114428 
5 -0.265353 
6 -0.046891 
7 0.301881 
8 0.028257 
9 0.018549 
10 -0.365092 
11 -0.365524 
12 0.457283 
13 0.030160 
14 0.474624 
15 0.463347 
16 0.290505 
17 -0.454536 
18 -0.364975 
19 0.068853 
20 -0.330643 
21 -0.187311 
22 0.119476 
23 -0.335433 
24 0.159200 
25 -0.241063 
26 0.013438 
27 0.255775 
28 -0.246851 
29 -0.348170 
30 0.011526 
31 -0.227176 
32 0.291004 
33 -0.468176 
34 -0.310582 
35 0.413650 
36 0.114428 
37 -0.265353 
38 -0.046891 
