39 1
0 0.435150 
1 0.475602 
2 -0.412206 
3 -0.097840 
4 -0.050226 
5 -0.174413 
6 -0.279527 
7 0.474368 
8 0.070455 
9 0.063177 
10 -0.275401 
11 -0.273653 
12 0.395611 
13 -0.261012 
14 -0.182477 
15 -0.462932 
16 -0.007834 
17 -0.215284 
18 0.009243 
19 -0.331561 
20 -0.421440 
21 0.319338 
22 -0.414670 
23 -0.300643 
24 0.342268 
25 0.322797 
26 0.276518 
27 -0.033542 
28 -0.253780 
29 0.067147 
30 -0.022251 
31 -0.378300 
32 -0.366551 
33 -0.250878 
34 0.128934 
35 0.326938 
36 -0.005669 
37 -0.358041 
38 -0.400786 
