39 1
0 0.438449 
1 0.176190 
2 -0.176058 
3 0.328811 
4 -0.453260 
5 0.359874 
6 0.342599 
7 0.001630 
8 -0.116255 
9 -0.099375 
10 0.319232 
11 0.418873 
12 0.105975 
13 -0.020159 
14 -0.084988 
15 0.301922 
16 -0.452874 
17 0.338757 
18 -0.339350 
19 0.074209 
20 -0.366117 
21 -0.236035 
22 0.052210 
23 0.070649 
24 -0.018592 
25 0.048226 
26 0.379259 
27 -0.346137 
28 -0.455225 
29 -0.058827 
30 0.425264 
31 0.240616 
32 0.438449 
33 0.176190 
34 -0.176058 
35 0.328811 
36 -0.453260 
37 0.359874 
38 0.342599 
