39 1
0 -0.486706 
1 -0.029020 
2 -0.116283 
3 -0.027569 
4 -0.287189 
5 0.149088 
6 0.027314 
7 -0.270659 
8 -0.436237 
9 0.016775 
10 0.211040 
11 -0.243557 
12 0.273979 
13 0.125780 
14 0.310706 
15 -0.255068 
16 0.440008 
17 0.074494 
18 0.148694 
19 0.338536 
20 0.118021 
21 0.333046 
22 0.165440 
23 -0.464239 
24 -0.004993 
25 0.183278 
26 -0.368417 
27 -0.156655 
28 0.110866 
29 -0.478101 
30 -0.225203 
31 -0.088015 
32 -0.486706 
33 -0.029020 
34 -0.116283 
35 -0.027569 
36 -0.287189 
37 0.149088 
38 0.027314 
