39 1
0 -0.267470 
1 -0.152450 
2 0.289287 
3 0.082287 
4 0.393399 
5 -0.119417 
6 -0.240700 
7 -0.264967 
8 0.132870 
9 0.385300 
10 0.010235 
11 0.221622 
12 0.072166 
13 0.197933 
14 0.294094 
15 -0.081901 
16 0.167271 
17 0.167952 
18 -0.466008 
19 -0.387725 
20 0.122737 
21 -0.130925 
22 0.494443 
23 -0.005731 
24 0.482849 
25 -0.428210 
26 -0.121185 
27 0.432676 
28 0.243368 
29 -0.344084 
30 -0.476174 
31 0.179354 
32 -0.342363 
33 0.152115 
34 0.464811 
35 0.301107 
36 -0.149652 
37 0.486319 
38 -0.468437 
