39 1
0 0.063867 
1 0.497045 
2 0.133564 
3 -0.222858 
4 -0.323114 
5 0.459026 
6 0.064901 
7 0.224367 
8 -0.281914 
9 -0.389350 
10 0.378011 
11 -0.193075 
12 -0.071461 
13 -0.465198 
14 -0.029083 
15 -0.484398 
16 0.228252 
17 0.238317 
18 0.234505 
19 -0.156001 
20 -0.000371 
21 -0.095168 
22 -0.049335 
23 0.385749 
24 0.050727 
25 0.091531 
26 0.478798 
27 -0.355055 
28 -0.102630 
29 -0.035975 
30 -0.180288 
31 -0.057840 
32 -0.462811 
33 0.015125 
34 0.274078 
35 0.117626 
36 -0.288789 
37 0.077819 
38 0.374492 
