39 1
0 -0.443821 
1 0.427228 
2 -0.109705 
3 0.243610 
4 0.021831 
5 0.399939 
6 0.344732 
7 -0.046018 
8 0.406072 
9 0.036146 
10 0.078954 
11 0.143995 
12 -0.178539 
13 -0.422609 
14 -0.165571 
15 -0.054808 
16 0.437968 
17 -0.365545 
18 0.076534 
19 -0.175384 
20 0.149041 
21 -0.146723 
22 0.085887 
23 -0.028184 
24 0.006673 
25 0.286200 
26 -0.266838 
27 -0.421788 
28 -0.469766 
29 -0.188130 
30 0.442731 
31 0.092643 
32 0.438149 
33 -0.075548 
34 0.351696 
35 -0.212534 
36 0.392758 
37 -0.259959 
38 0.095149 
