39 1
0 -0.305844 
1 0.047531 
2 0.219979 
3 0.273023 
4 -0.491851 
5 0.225155 
6 -0.125420 
7 0.204594 
8 0.418844 
9 -0.128776 
10 -0.013172 
11 -0.196270 
12 0.201348 
13 -0.146494 
14 -0.072186 
15 -0.372438 
16 0.019410 
17 0.376181 
18 -0.284462 
19 -0.114639 
20 0.008888 
21 -0.065933 
22 -0.165958 
23 -0.384501 
24 0.240383 
25 0.083243 
26 0.458677 
27 -0.381058 
28 0.245338 
29 0.073593 
30 0.261129 
31 0.114988 
32 -0.305844 
33 0.047531 
34 0.219979 
35 0.273023 
36 -0.491851 
37 0.225155 
38 -0.125420 
