39 1
0 -0.248863 
1 0.498614 
2 0.152157 
3 -0.062158 
4 -0.306486 
5 -0.219742 
6 -0.467022 
7 0.383132 
8 0.052374 
9 -0.460444 
10 0.005580 
11 0.107211 
12 -0.499754 
13 0.176252 
14 0.081525 
15 -0.241358 
16 0.310935 
17 0.455273 
18 0.379779 
19 0.104370 
20 0.067191 
21 -0.358510 
22 -0.473057 
23 -0.314853 
24 -0.237234 
25 -0.406782 
26 -0.297982 
27 -0.346653 
28 0.064475 
29 -0.442275 
30 0.059452 
31 0.061494 
32 -0.241940 
33 0.298179 
34 -0.224156 
35 -0.300346 
36 -0.368281 
37 -0.228544 
38 -0.184011 
