39 1
0 -0.493355 
1 -0.317042 
2 -0.364744 
3 -0.082220 
4 -0.292085 
5 -0.304358 
6 -0.399128 
7 -0.243486 
8 0.432627 
9 0.228001 
10 -0.413967 
11 -0.105952 
12 0.309181 
13 0.240659 
14 0.130941 
15 0.472592 
16 0.216059 
17 -0.026593 
18 -0.117618 
19 -0.208019 
20 -0.169882 
21 -0.067425 
22 -0.070466 
23 -0.219390 
24 -0.266095 
25 0.492396 
26 -0.447556 
27 0.198742 
28 -0.205047 
29 0.145755 
30 -0.471873 
31 -0.445207 
32 -0.493355 
33 -0.317042 
34 -0.364744 
35 -0.082220 
36 -0.292085 
37 -0.304358 
38 -0.399128 
