39 1
0 -0.335175 
1 0.142976 
2 -0.405023 
3 0.316191 
4 0.490042 
5 -0.238874 
6 -0.004537 
7 -0.161842 
8 0.426069 
9 0.263627 
10 -0.423953 
11 0.029115 
12 -0.339159 
13 0.253007 
14 -0.166514 
15 0.059377 
16 -0.473309 
17 -0.004696 
18 0.087630 
19 0.124294 
20 0.289583 
21 -0.113468 
22 -0.145428 
23 -0.129737 
24 -0.403402 
25 0.086315 
26 -0.413615 
27 0.445529 
28 0.267700 
29 -0.246770 
30 0.262977 
31 0.400759 
32 -0.335175 
33 0.142976 
34 -0.405023 
35 0.316191 
36 0.490042 
37 -0.238874 
38 -0.004537 
