39 1
0 0.285680 
1 -0.365871 
2 -0.362379 
3 0.304833 
4 0.154109 
5 -0.048328 
6 -0.477497 
7 0.427844 
8 0.492902 
9 0.174962 
10 0.475899 
11 0.123298 
12 0.341697 
13 0.498193 
14 -0.310695 
15 -0.174901 
16 -0.455835 
17 -0.060945 
18 0.041408 
19 0.461874 
20 -0.404289 
21 0.206054 
22 -0.088719 
23 -0.483212 
24 -0.333703 
25 -0.288297 
26 -0.386174 
27 -0.168440 
28 -0.302971 
29 -0.027165 
30 0.142555 
31 0.066102 
32 0.285680 
33 -0.365871 
34 -0.362379 
35 0.304833 
36 0.154109 
37 -0.048328 
38 -0.477497 
