39 1
0 -0.162852 
1 0.414821 
2 -0.047758 
3 -0.250266 
4 0.084089 
5 0.214417 
6 0.449750 
7 -0.433233 
8 -0.431612 
9 -0.243275 
10 0.122584 
11 -0.413725 
12 0.261342 
13 -0.215853 
14 0.099658 
15 0.383887 
16 -0.051433 
17 -0.476522 
18 -0.286534 
19 -0.154443 
20 0.462551 
21 0.324724 
22 -0.476726 
23 -0.323164 
24 0.345391 
25 0.428618 
26 0.062859 
27 -0.148319 
28 -0.158362 
29 -0.303670 
30 0.139939 
31 -0.407186 
32 -0.486068 
33 -0.099628 
34 0.141424 
35 -0.441457 
36 -0.299981 
37 -0.102407 
38 0.238628 
