39 1
0 0.102129 
1 0.037963 
2 -0.114034 
3 -0.170300 
4 -0.033217 
5 -0.119787 
6 -0.170530 
7 0.290936 
8 -0.147137 
9 0.179270 
10 -0.086372 
11 -0.104484 
12 0.442935 
13 0.026661 
14 -0.260653 
15 -0.419284 
16 0.156859 
17 0.237174 
18 0.057983 
19 -0.121165 
20 -0.378000 
21 0.039512 
22 0.162372 
23 -0.213492 
24 0.160379 
25 0.252173 
26 0.382051 
27 0.419091 
28 -0.369076 
29 0.025104 
30 -0.206636 
31 -0.136975 
32 0.102129 
33 0.037963 
34 -0.114034 
35 -0.170300 
36 -0.033217 
37 -0.119787 
38 -0.170530 
