39 1
0 0.321183 
1 0.032990 
2 -0.294627 
3 0.498534 
4 -0.498133 
5 -0.220929 
6 -0.407647 
7 0.450908 
8 -0.299642 
9 0.327355 
10 -0.431926 
11 -0.453208 
12 0.287959 
13 0.383719 
14 -0.013261 
15 0.232445 
16 -0.462864 
17 0.196142 
18 -0.245819 
19 0.448140 
20 0.420892 
21 0.365684 
22 -0.254459 
23 -0.218460 
24 0.128232 
25 -0.011143 
26 0.429781 
27 -0.206126 
28 -0.264113 
29 -0.226114 
30 -0.147992 
31 -0.121411 
32 -0.150628 
33 -0.449003 
34 -0.002116 
35 -0.274321 
36 0.482171 
37 0.336262 
38 0.142204 
