39 1
0 -0.223761 
1 0.079832 
2 -0.444697 
3 0.470772 
4 0.112610 
5 -0.040631 
6 -0.017883 
7 0.148991 
8 0.353420 
9 -0.074920 
10 0.489585 
11 -0.239709 
12 0.014568 
13 -0.282555 
14 0.343376 
15 -0.308991 
16 -0.082966 
17 0.472764 
18 -0.150796 
19 0.101918 
20 0.418219 
21 0.309654 
22 -0.456656 
23 0.329202 
24 -0.201089 
25 0.109216 
26 -0.493400 
27 0.402631 
28 -0.137443 
29 0.098507 
30 0.356839 
31 0.290203 
32 -0.223761 
33 0.079832 
34 -0.444697 
35 0.470772 
36 0.112610 
37 -0.040631 
38 -0.017883 
