39 1
0 0.441234 
1 0.114806 
2 0.204768 
3 -0.226463 
4 -0.408147 
5 -0.475000 
6 -0.152591 
7 0.114052 
8 0.070902 
9 -0.219597 
10 0.438857 
11 -0.135139 
12 -0.071119 
13 0.235707 
14 0.041965 
15 -0.374001 
16 0.359187 
17 -0.267346 
18 -0.318923 
19 0.417204 
20 0.399537 
21 0.443528 
22 -0.215173 
23 -0.254421 
24 -0.336822 
25 -0.148629 
26 -0.495385 
27 0.361113 
28 -0.096372 
29 0.019806 
30 0.151883 
31 -0.122120 
32 -0.068349 
33 0.004570 
34 -0.018044 
35 -0.219758 
36 -0.444942 
37 0.023709 
38 0.111169 
