39 1
0 0.295784 
1 0.126447 
2 0.342293 
3 0.352837 
4 -0.008928 
5 0.215518 
6 0.096977 
7 -0.071087 
8 -0.333468 
9 0.301495 
10 -0.430467 
11 0.466691 
12 -0.276998 
13 0.167672 
14 -0.187577 
15 0.399181 
16 -0.456055 
17 -0.049791 
18 0.440563 
19 -0.227577 
20 0.025165 
21 -0.101999 
22 -0.049296 
23 0.468062 
24 -0.296773 
25 -0.248387 
26 0.272401 
27 0.124819 
28 -0.289447 
29 -0.421807 
30 0.355525 
31 0.289368 
32 -0.028065 
33 0.384787 
34 0.287663 
35 0.166116 
36 -0.050827 
37 0.241679 
38 -0.452785 
