39 1
0 -0.274951 
1 -0.020223 
2 -0.057170 
3 0.468514 
4 -0.050242 
5 0.304564 
6 -0.466180 
7 0.474046 
8 0.367960 
9 0.439432 
10 0.233795 
11 0.300442 
12 0.065784 
13 -0.203868 
14 0.152916 
15 0.370955 
16 0.406960 
17 -0.223508 
18 0.250690 
19 0.227093 
20 -0.292434 
21 -0.392353 
22 -0.474077 
23 -0.475110 
24 0.128703 
25 -0.379059 
26 -0.312873 
27 0.458023 
28 0.141187 
29 -0.086897 
30 0.041720 
31 0.208115 
32 -0.274951 
33 -0.020223 
34 -0.057170 
35 0.468514 
36 -0.050242 
37 0.304564 
38 -0.466180 
