39 1
0 0.218538 
1 -0.395259 
2 -0.464168 
3 0.003980 
4 0.201611 
5 -0.196192 
6 -0.027455 
7 0.415164 
8 0.291963 
9 -0.147289 
10 0.163167 
11 0.401019 
12 0.436750 
13 -0.499477 
14 0.252259 
15 -0.089844 
16 -0.035333 
17 0.177587 
18 0.110460 
19 0.092309 
20 0.499518 
21 -0.408999 
22 0.134278 
23 -0.443317 
24 -0.262380 
25 0.191174 
26 0.254918 
27 -0.434750 
28 0.039073 
29 -0.167713 
30 0.270424 
31 -0.155854 
32 0.218538 
33 -0.395259 
34 -0.464168 
35 0.003980 
36 0.201611 
37 -0.196192 
38 -0.027455 
