39 1
0 0.338545 
1 0.298048 
2 0.473875 
3 -0.393500 
4 -0.146790 
5 0.034601 
6 0.314224 
7 -0.475748 
8 -0.138264 
9 0.158489 
10 -0.035578 
11 0.201320 
12 -0.341131 
13 -0.368820 
14 0.072552 
15 -0.105161 
16 -0.084279 
17 0.207378 
18 0.345605 
19 0.176115 
20 -0.216865 
21 0.207220 
22 -0.020028 
23 -0.005718 
24 0.137247 
25 -0.254717 
26 0.085771 
27 0.444588 
28 0.176152 
29 0.383461 
30 -0.063775 
31 -0.291287 
32 0.338545 
33 0.298048 
34 0.473875 
35 -0.393500 
36 -0.146790 
37 0.034601 
38 0.314224 
