39 1
0 0.117402 
1 -0.491339 
2 -0.291171 
3 -0.036246 
4 0.252876 
5 0.283165 
6 -0.356078 
7 -0.416803 
8 0.060970 
9 0.261359 
10 0.429141 
11 0.111454 
12 0.201626 
13 -0.340864 
14 0.105678 
15 0.232574 
16 -0.438988 
17 0.359154 
18 0.364122 
19 0.088128 
20 -0.470008 
21 0.182068 
22 0.238106 
23 0.264206 
24 0.418432 
25 -0.299229 
26 -0.205600 
27 -0.269431 
28 0.438915 
29 0.177022 
30 -0.254081 
31 0.488669 
32 0.255581 
33 -0.272344 
34 0.272118 
35 -0.032182 
36 0.398327 
37 -0.138769 
38 0.352262 
