39 1
0 -0.268381 
1 0.380500 
2 -0.274402 
3 -0.026825 
4 0.279711 
5 -0.419693 
6 -0.278811 
7 0.311653 
8 0.329197 
9 0.240631 
10 -0.246485 
11 -0.221497 
12 -0.128108 
13 0.244333 
14 -0.266544 
15 -0.048785 
16 -0.116893 
17 0.445299 
18 -0.130361 
19 0.431471 
20 -0.385841 
21 -0.078754 
22 -0.286780 
23 -0.013024 
24 0.349856 
25 -0.491868 
26 0.093370 
27 0.440436 
28 0.378368 
29 0.404397 
30 0.397675 
31 0.246371 
32 -0.268381 
33 0.380500 
34 -0.274402 
35 -0.026825 
36 0.279711 
37 -0.419693 
38 -0.278811 
