39 1
0 0.023913 
1 0.095216 
2 0.438865 
3 0.296716 
4 0.486280 
5 -0.073669 
6 -0.149502 
7 0.045015 
8 -0.189155 
9 0.052520 
10 -0.212339 
11 -0.450828 
12 0.133437 
13 0.125435 
14 0.019583 
15 -0.232537 
16 -0.155995 
17 0.194170 
18 -0.069240 
19 0.025275 
20 -0.350383 
21 -0.078623 
22 -0.227184 
23 0.019529 
24 -0.030926 
25 -0.140551 
26 -0.433962 
27 0.007207 
28 0.439089 
29 0.046559 
30 -0.326668 
31 0.178106 
32 0.346853 
33 0.174568 
34 -0.051604 
35 -0.358478 
36 0.396370 
37 -0.086472 
38 -0.238135 
