39 1
0 0.433993 
1 -0.171864 
2 -0.451117 
3 0.103015 
4 0.253245 
5 0.404114 
6 0.272868 
7 -0.484855 
8 0.415316 
9 0.378278 
10 0.147282 
11 0.010886 
12 -0.404051 
13 -0.079673 
14 -0.247312 
15 -0.098403 
16 0.490081 
17 0.272076 
18 0.200290 
19 -0.468731 
20 -0.496681 
21 -0.484022 
22 -0.147147 
23 -0.358516 
24 -0.295274 
25 -0.193337 
26 -0.329444 
27 -0.465097 
28 0.114328 
29 -0.340596 
30 0.290125 
31 -0.060944 
32 0.433993 
33 -0.171864 
34 -0.451117 
35 0.103015 
36 0.253245 
37 0.404114 
38 0.272868 
