39 1
0 -0.442235 
1 -0.326016 
2 0.392129 
3 -0.007689 
4 -0.392597 
5 0.064500 
6 0.280085 
7 -0.181162 
8 0.241567 
9 -0.474828 
10 -0.301653 
11 -0.387004 
12 -0.292164 
13 0.233506 
14 -0.406764 
15 0.154974 
16 -0.252274 
17 -0.232141 
18 0.148910 
19 -0.193339 
20 -0.302155 
21 0.228507 
22 -0.141288 
23 0.218513 
24 0.322363 
25 0.344152 
26 -0.426907 
27 -0.429968 
28 0.155541 
29 0.074758 
30 0.231093 
31 0.159797 
32 -0.179255 
33 -0.433179 
34 -0.271528 
35 -0.230092 
36 -0.285702 
37 0.243899 
38 -0.238054 
