39 1
0 -0.316472 
1 -0.303388 
2 -0.218364 
3 -0.168030 
4 -0.151578 
5 -0.129491 
6 -0.067995 
7 0.204833 
8 0.388930 
9 0.284028 
10 -0.361956 
11 0.201942 
12 -0.396863 
13 0.310646 
14 0.082167 
15 -0.420557 
16 0.107976 
17 -0.341976 
18 0.098344 
19 0.335579 
20 -0.081161 
21 0.001432 
22 -0.366592 
23 -0.426603 
24 -0.396843 
25 -0.086672 
26 0.454704 
27 0.086985 
28 -0.476720 
29 -0.030152 
30 -0.226274 
31 -0.199966 
32 -0.316472 
33 -0.303388 
34 -0.218364 
35 -0.168030 
36 -0.151578 
37 -0.129491 
38 -0.067995 
