39 1
0 0.077389 
1 0.287237 
2 0.045133 
3 0.479469 
4 0.373807 
5 -0.368225 
6 -0.373585 
7 0.235705 
8 -0.294740 
9 -0.040448 
10 -0.016046 
11 -0.369977 
12 -0.237799 
13 0.194387 
14 0.021962 
15 -0.205190 
16 0.250606 
17 -0.446243 
18 0.099214 
19 0.205931 
20 0.489528 
21 -0.469596 
22 -0.108565 
23 0.266931 
24 -0.385435 
25 -0.111171 
26 0.092326 
27 0.122744 
28 0.304609 
29 -0.017882 
30 -0.465450 
31 0.175653 
32 0.249520 
33 0.293362 
34 -0.348227 
35 -0.197972 
36 0.349026 
37 -0.212199 
38 -0.210285 
