39 1
0 -0.365613 
1 0.400128 
2 -0.323831 
3 0.271186 
4 -0.043096 
5 0.034412 
6 0.216319 
7 0.419699 
8 -0.324850 
9 0.212212 
10 0.117226 
11 0.447238 
12 -0.494268 
13 0.223983 
14 -0.171318 
15 0.205320 
16 -0.256828 
17 -0.476327 
18 -0.321954 
19 0.157541 
20 0.143559 
21 -0.234212 
22 0.061172 
23 -0.162893 
24 -0.398290 
25 0.187661 
26 -0.237880 
27 0.249601 
28 0.388539 
29 0.265646 
30 0.131632 
31 -0.131681 
32 -0.365613 
33 0.400128 
34 -0.323831 
35 0.271186 
36 -0.043096 
37 0.034412 
38 0.216319 
