39 1
0 -0.432940 
1 -0.061624 
2 -0.118387 
3 -0.097361 
4 -0.294888 
5 -0.047405 
6 -0.456156 
7 0.133489 
8 0.352411 
9 0.362193 
10 -0.272430 
11 0.247002 
12 -0.446908 
13 0.354510 
14 0.181846 
15 0.201022 
16 0.015594 
17 0.075002 
18 0.201075 
19 0.125139 
20 0.108996 
21 -0.017225 
22 -0.074057 
23 0.211695 
24 0.099137 
25 -0.204031 
26 0.090212 
27 -0.101370 
28 0.414823 
29 -0.369748 
30 -0.254526 
31 0.146627 
32 -0.432940 
33 -0.061624 
34 -0.118387 
35 -0.097361 
36 -0.294888 
37 -0.047405 
38 -0.456156 
