39 1
0 0.357034 
1 0.255703 
2 0.489284 
3 -0.205330 
4 0.035308 
5 0.040265 
6 -0.368998 
7 -0.407593 
8 0.361669 
9 0.464401 
10 -0.409384 
11 0.252948 
12 -0.091531 
13 0.499432 
14 0.056866 
15 0.132732 
16 0.303272 
17 0.036121 
18 -0.402923 
19 -0.214200 
20 0.174796 
21 0.449478 
22 -0.165740 
23 -0.046991 
24 0.031074 
25 0.159313 
26 -0.244265 
27 0.436691 
28 -0.191881 
29 0.172397 
30 0.342164 
31 0.183015 
32 -0.131280 
33 0.053187 
34 0.125548 
35 -0.486608 
36 0.059867 
37 -0.106497 
38 0.207447 
