39 1
0 -0.467677 
1 0.428091 
2 -0.151967 
3 0.290523 
4 -0.441562 
5 0.161698 
6 0.023051 
7 0.125009 
8 -0.192003 
9 -0.183538 
10 0.310903 
11 0.250111 
12 0.411792 
13 -0.106493 
14 0.453396 
15 0.016804 
16 -0.252099 
17 0.114938 
18 -0.021292 
19 0.179389 
20 -0.421887 
21 0.420242 
22 0.206186 
23 0.234099 
24 0.175562 
25 -0.047709 
26 0.210193 
27 0.445079 
28 -0.162285 
29 0.100533 
30 0.216117 
31 -0.129170 
32 -0.467677 
33 0.428091 
34 -0.151967 
35 0.290523 
36 -0.441562 
37 0.161698 
38 0.023051 
