39 1
0 -0.103568 
1 0.115155 
2 -0.264905 
3 -0.058113 
4 0.429753 
5 -0.303670 
6 0.242806 
7 -0.177940 
8 0.357733 
9 -0.248057 
10 -0.433150 
11 -0.327339 
12 0.248826 
13 -0.286635 
14 -0.166013 
15 0.065002 
16 -0.288157 
17 0.388888 
18 -0.252931 
19 -0.050076 
20 0.055958 
21 0.314973 
22 0.248593 
23 -0.149513 
24 0.224077 
25 0.142671 
26 0.251820 
27 0.077541 
28 0.184018 
29 -0.410284 
30 0.133945 
31 -0.032313 
32 0.458088 
33 -0.444759 
34 -0.026374 
35 0.014158 
36 0.124180 
37 0.218587 
38 -0.473510 
