39 1
0 0.392014 
1 0.418069 
2 0.086233 
3 0.137383 
4 -0.275862 
5 -0.393910 
6 0.058145 
7 0.411875 
8 -0.222108 
9 0.079647 
10 0.115529 
11 -0.276821 
12 -0.355452 
13 0.087329 
14 -0.469004 
15 0.457767 
16 0.191751 
17 0.347750 
18 0.054622 
19 -0.271425 
20 -0.155668 
21 0.033257 
22 -0.453581 
23 0.380308 
24 -0.090176 
25 0.206781 
26 -0.059552 
27 -0.007705 
28 -0.066771 
29 -0.300310 
30 0.092079 
31 -0.197179 
32 0.070039 
33 0.095597 
34 0.404412 
35 -0.448566 
36 -0.185290 
37 0.469838 
38 0.105836 
