39 1
0 -0.393436 
1 0.249634 
2 -0.406504 
3 0.397627 
4 -0.422581 
5 -0.108551 
6 0.069880 
7 0.303371 
8 -0.028603 
9 -0.437579 
10 -0.398074 
11 -0.363683 
12 0.375178 
13 0.331198 
14 0.276778 
15 -0.159073 
16 0.225031 
17 0.289201 
18 -0.437029 
19 -0.498498 
20 0.427909 
21 0.203292 
22 0.175274 
23 -0.198832 
24 -0.228877 
25 0.331699 
26 0.037986 
27 -0.335666 
28 -0.230582 
29 0.030300 
30 -0.473653 
31 -0.484128 
32 -0.393436 
33 0.249634 
34 -0.406504 
35 0.397627 
36 -0.422581 
37 -0.108551 
38 0.069880 
