39 1
0 0.375308 
1 0.104627 
2 -0.377926 
3 -0.105075 
4 0.330535 
5 0.240897 
6 -0.205274 
7 -0.470918 
8 0.491910 
9 -0.255424 
10 0.044590 
11 0.133573 
12 0.275070 
13 0.219687 
14 0.457739 
15 0.256147 
16 -0.313495 
17 0.384469 
18 0.077169 
19 0.076663 
20 0.113300 
21 0.373134 
22 -0.411308 
23 0.420315 
24 -0.134681 
25 0.299740 
26 0.032624 
27 -0.010958 
28 -0.013424 
29 0.178070 
30 -0.147796 
31 0.066788 
32 0.375308 
33 0.104627 
34 -0.377926 
35 -0.105075 
36 0.330535 
37 0.240897 
38 -0.205274 
