39 1
0 0.208451 
1 0.435837 
2 -0.489291 
3 0.366404 
4 0.317149 
5 0.440904 
6 0.418854 
7 0.156468 
8 -0.117403 
9 -0.054320 
10 0.102241 
11 0.354962 
12 0.042614 
13 0.095733 
14 0.187498 
15 0.029786 
16 -0.236799 
17 -0.102297 
18 0.406821 
19 0.046859 
20 -0.409030 
21 -0.460122 
22 -0.163814 
23 0.352661 
24 -0.110670 
25 0.480036 
26 0.035859 
27 -0.061949 
28 0.151728 
29 0.196747 
30 0.067813 
31 0.359175 
32 0.208451 
33 0.435837 
34 -0.489291 
35 0.366404 
36 0.317149 
37 0.440904 
38 0.418854 
