39 1
0 0.109791 
1 0.121381 
2 -0.070938 
3 -0.063493 
4 -0.468181 
5 -0.032232 
6 0.432989 
7 -0.290018 
8 -0.399766 
9 -0.245851 
10 0.195250 
11 -0.134307 
12 0.433105 
13 -0.007667 
14 0.202726 
15 -0.423515 
16 0.088313 
17 0.465601 
18 0.035964 
19 0.274777 
20 0.364339 
21 -0.296371 
22 -0.137719 
23 0.024595 
24 0.023624 
25 0.475137 
26 -0.084917 
27 -0.171041 
28 -0.163764 
29 0.280696 
30 -0.263821 
31 -0.235911 
32 -0.419645 
33 -0.425179 
34 0.385707 
35 0.442379 
36 -0.141399 
37 0.015316 
38 -0.261673 
