39 1
0 -0.375253 
1 0.107375 
2 -0.030847 
3 0.200424 
4 0.140510 
5 -0.120371 
6 -0.166677 
7 -0.007977 
8 0.197248 
9 -0.009958 
10 0.281848 
11 -0.454056 
12 0.112577 
13 0.490269 
14 0.491346 
15 -0.425986 
16 0.212049 
17 0.330929 
18 0.081651 
19 -0.178643 
20 0.018936 
21 0.290830 
22 0.021426 
23 0.428931 
24 0.065627 
25 0.434688 
26 -0.038083 
27 -0.493013 
28 -0.380969 
29 -0.451914 
30 -0.447823 
31 0.242308 
32 -0.094293 
33 0.249296 
34 0.031023 
35 -0.216369 
36 0.256078 
37 -0.463048 
38 0.160477 
