39 1
0 -0.029370 
1 -0.127166 
2 -0.326289 
3 0.338247 
4 -0.119310 
5 0.239518 
6 -0.066175 
7 -0.027913 
8 -0.202922 
9 -0.258679 
10 -0.031860 
11 0.166845 
12 0.276107 
13 0.450100 
14 -0.438345 
15 -0.005389 
16 0.402007 
17 -0.120445 
18 0.321515 
19 0.484575 
20 -0.413802 
21 0.241334 
22 0.033903 
23 0.339318 
24 -0.024274 
25 0.072963 
26 -0.405759 
27 -0.471980 
28 -0.464798 
29 -0.079281 
30 -0.189735 
31 0.371820 
32 -0.029370 
33 -0.127166 
34 -0.326289 
35 0.338247 
36 -0.119310 
37 0.239518 
38 -0.066175 
