39 1
0 -0.114026 
1 0.105849 
2 -0.015675 
3 -0.239013 
4 0.001943 
5 -0.150075 
6 0.075795 
7 -0.331125 
8 0.351337 
9 0.406562 
10 0.336936 
11 0.499967 
12 -0.077281 
13 0.220575 
14 0.071813 
15 0.271317 
16 -0.203848 
17 0.334831 
18 0.112275 
19 -0.486952 
20 0.466428 
21 -0.285454 
22 0.252921 
23 0.049363 
24 0.106398 
25 -0.051456 
26 -0.255144 
27 -0.256531 
28 0.315909 
29 0.421548 
30 0.434782 
31 -0.447228 
32 -0.473491 
33 0.492369 
34 0.135159 
35 -0.161449 
36 0.360645 
37 -0.164453 
38 0.349581 
