39 1
0 -0.188552 
1 -0.148947 
2 0.461632 
3 -0.306818 
4 -0.175032 
5 -0.375260 
6 0.440148 
7 -0.266035 
8 0.220724 
9 0.337853 
10 -0.458914 
11 -0.121401 
12 0.021989 
13 -0.362999 
14 0.038575 
15 0.470383 
16 0.004596 
17 -0.101500 
18 0.146734 
19 -0.058500 
20 0.051412 
21 0.178966 
22 -0.492536 
23 0.093722 
24 0.383252 
25 -0.415187 
26 0.482023 
27 -0.445237 
28 0.157630 
29 -0.150300 
30 0.404239 
31 0.020902 
32 -0.114834 
33 0.311670 
34 0.044865 
35 -0.099326 
36 0.191414 
37 -0.272876 
38 -0.429394 
