39 1
0 0.045968 
1 0.061622 
2 0.191770 
3 -0.250957 
4 -0.398765 
5 0.394456 
6 0.016964 
7 0.364083 
8 -0.496969 
9 -0.417351 
10 -0.215784 
11 -0.370801 
12 -0.159574 
13 -0.188383 
14 0.117342 
15 -0.356158 
16 0.320050 
17 0.159291 
18 -0.056666 
19 0.450836 
20 -0.403867 
21 -0.029393 
22 -0.282507 
23 -0.270568 
24 0.279204 
25 0.369461 
26 0.197021 
27 0.123585 
28 0.130205 
29 0.176067 
30 0.376690 
31 -0.080310 
32 0.045968 
33 0.061622 
34 0.191770 
35 -0.250957 
36 -0.398765 
37 0.394456 
38 0.016964 
