39 1
0 0.065233 
1 -0.285824 
2 -0.364118 
3 0.283837 
4 0.139711 
5 -0.028765 
6 -0.409680 
7 -0.389102 
8 0.309410 
9 0.257556 
10 0.457305 
11 0.343966 
12 0.156468 
13 -0.280518 
14 0.350998 
15 -0.107977 
16 0.146157 
17 -0.334581 
18 0.298300 
19 0.469099 
20 -0.094619 
21 0.235085 
22 0.103012 
23 -0.494059 
24 0.358982 
25 0.283791 
26 0.173094 
27 -0.390324 
28 -0.453219 
29 0.459612 
30 -0.339279 
31 -0.214330 
32 -0.050420 
33 -0.345186 
34 0.083713 
35 -0.125447 
36 -0.059285 
37 0.267089 
38 0.090731 
