39 1
0 -0.190078 
1 -0.413198 
2 -0.312528 
3 0.393481 
4 -0.454001 
5 0.252271 
6 -0.195882 
7 -0.193217 
8 0.455537 
9 -0.209497 
10 -0.389586 
11 -0.418689 
12 -0.370121 
13 -0.322738 
14 0.439751 
15 -0.092990 
16 0.182630 
17 -0.215789 
18 0.308182 
19 -0.178074 
20 -0.001520 
21 0.327066 
22 -0.425759 
23 0.082440 
24 0.443126 
25 -0.232683 
26 -0.163617 
27 0.051769 
28 0.437943 
29 0.039287 
30 0.206284 
31 0.080408 
32 -0.190078 
33 -0.413198 
34 -0.312528 
35 0.393481 
36 -0.454001 
37 0.252271 
38 -0.195882 
