39 1
0 0.295841 
1 0.252753 
2 0.339617 
3 0.262213 
4 0.487909 
5 -0.018606 
6 -0.381940 
7 -0.295817 
8 -0.215098 
9 0.265767 
10 0.152292 
11 0.026259 
12 -0.398660 
13 -0.059354 
14 -0.187385 
15 0.109278 
16 -0.310885 
17 0.357375 
18 0.459597 
19 -0.308819 
20 0.407913 
21 -0.427787 
22 -0.317692 
23 0.172421 
24 0.083738 
25 -0.121111 
26 0.396526 
27 0.230463 
28 0.429646 
29 -0.359645 
30 -0.230500 
31 0.468878 
32 0.295841 
33 0.252753 
34 0.339617 
35 0.262213 
36 0.487909 
37 -0.018606 
38 -0.381940 
