39 1
0 -0.278084 
1 0.203409 
2 0.468765 
3 -0.416968 
4 -0.455461 
5 0.485983 
6 0.413517 
7 0.441719 
8 -0.071092 
9 -0.349103 
10 -0.093261 
11 -0.330652 
12 0.332391 
13 0.078303 
14 -0.445111 
15 -0.169148 
16 -0.225087 
17 -0.400432 
18 -0.420368 
19 -0.144009 
20 -0.384387 
21 0.268711 
22 0.385204 
23 0.238379 
24 0.075510 
25 -0.366555 
26 0.144289 
27 -0.051129 
28 -0.194329 
29 -0.309884 
30 0.087825 
31 -0.103675 
32 -0.360975 
33 0.134146 
34 0.461368 
35 -0.164474 
36 -0.437321 
37 0.192273 
38 -0.270985 
