39 1
0 0.239500 
1 -0.087938 
2 -0.208264 
3 -0.251111 
4 -0.243678 
5 0.233645 
6 0.165068 
7 -0.220580 
8 0.234131 
9 -0.333825 
10 -0.289027 
11 0.288937 
12 -0.075716 
13 0.372493 
14 0.025083 
15 -0.206476 
16 -0.377403 
17 0.112205 
18 -0.135150 
19 -0.255846 
20 0.043489 
21 -0.113276 
22 -0.155195 
23 0.246719 
24 -0.137764 
25 -0.264982 
26 -0.269036 
27 0.330667 
28 0.049126 
29 0.276994 
30 0.129942 
31 0.337676 
32 0.239500 
33 -0.087938 
34 -0.208264 
35 -0.251111 
36 -0.243678 
37 0.233645 
38 0.165068 
