39 1
0 0.157358 
1 -0.235456 
2 0.444189 
3 -0.108210 
4 0.112039 
5 -0.490561 
6 0.068044 
7 -0.152877 
8 0.088791 
9 0.116386 
10 0.110322 
11 0.393541 
12 0.016215 
13 0.134861 
14 -0.275980 
15 0.388331 
16 0.453658 
17 -0.198104 
18 -0.297467 
19 0.301362 
20 -0.294549 
21 0.445826 
22 0.302719 
23 0.229346 
24 0.229662 
25 0.376841 
26 -0.321400 
27 -0.406373 
28 -0.007338 
29 0.352099 
30 -0.296715 
31 -0.164445 
32 0.157358 
33 -0.235456 
34 0.444189 
35 -0.108210 
36 0.112039 
37 -0.490561 
38 0.068044 
