39 1
0 -0.451140 
1 0.012317 
2 -0.498759 
3 0.258484 
4 0.383546 
5 0.294011 
6 0.440787 
7 -0.368837 
8 -0.102567 
9 -0.299676 
10 -0.085226 
11 0.318191 
12 -0.212479 
13 -0.184651 
14 0.482883 
15 -0.343699 
16 0.474195 
17 -0.153317 
18 0.356232 
19 0.173004 
20 0.277953 
21 -0.448809 
22 -0.126758 
23 0.155219 
24 0.191569 
25 -0.294691 
26 0.270795 
27 0.127341 
28 0.381426 
29 0.378601 
30 -0.313798 
31 0.173664 
32 -0.451140 
33 0.012317 
34 -0.498759 
35 0.258484 
36 0.383546 
37 0.294011 
38 0.440787 
