39 1
0 -0.381902 
1 0.480604 
2 -0.246899 
3 0.080635 
4 -0.499819 
5 -0.325850 
6 -0.098595 
7 -0.256859 
8 -0.311210 
9 -0.443642 
10 0.239173 
11 0.202516 
12 -0.409093 
13 -0.313187 
14 0.134799 
15 -0.205493 
16 -0.386996 
17 0.034728 
18 0.066243 
19 0.049100 
20 -0.225068 
21 -0.091581 
22 0.179809 
23 -0.068187 
24 -0.182509 
25 0.338856 
26 0.212718 
27 -0.256985 
28 -0.017340 
29 0.153582 
30 0.122865 
31 -0.350136 
32 -0.299709 
33 -0.252419 
34 0.356895 
35 0.040914 
36 0.036348 
37 0.258719 
38 0.211520 
