39 1
0 0.172910 
1 -0.285103 
2 0.285828 
3 -0.323450 
4 -0.083008 
5 0.344513 
6 -0.119641 
7 -0.056107 
8 -0.376864 
9 -0.494731 
10 0.295969 
11 0.244640 
12 -0.242363 
13 0.413590 
14 0.105043 
15 -0.014618 
16 0.289877 
17 -0.382501 
18 0.111524 
19 -0.083438 
20 0.069103 
21 0.081107 
22 -0.442317 
23 0.419831 
24 -0.019866 
25 -0.466648 
26 -0.250890 
27 0.492165 
28 -0.344928 
29 -0.323590 
30 0.492945 
31 0.144544 
32 0.172910 
33 -0.285103 
34 0.285828 
35 -0.323450 
36 -0.083008 
37 0.344513 
38 -0.119641 
