39 1
0 0.497507 
1 0.493434 
2 -0.022499 
3 -0.223952 
4 -0.029008 
5 0.107383 
6 0.098182 
7 0.495778 
8 -0.459652 
9 0.354724 
10 0.067673 
11 -0.010194 
12 -0.241921 
13 0.381367 
14 0.084480 
15 0.042805 
16 0.339889 
17 0.475940 
18 -0.064051 
19 0.239992 
20 0.254600 
21 -0.461740 
22 0.243638 
23 0.482909 
24 0.386786 
25 0.184968 
26 0.124463 
27 0.076492 
28 -0.298781 
29 -0.126680 
30 0.473454 
31 -0.458989 
32 0.444363 
33 0.157056 
34 0.114218 
35 0.310927 
36 0.449041 
37 0.146721 
38 -0.406598 
