39 1
0 0.354585 
1 0.233793 
2 -0.498014 
3 -0.466557 
4 -0.298186 
5 0.182050 
6 -0.443988 
7 -0.215985 
8 -0.102204 
9 0.322272 
10 -0.373385 
11 -0.275009 
12 0.193091 
13 0.451394 
14 0.385635 
15 0.255217 
16 0.105658 
17 0.366005 
18 -0.140037 
19 0.188553 
20 0.225446 
21 -0.193420 
22 -0.131351 
23 0.438562 
24 -0.416874 
25 -0.240404 
26 0.263791 
27 0.219874 
28 -0.470367 
29 -0.122593 
30 0.420218 
31 0.119832 
32 0.354585 
33 0.233793 
34 -0.498014 
35 -0.466557 
36 -0.298186 
37 0.182050 
38 -0.443988 
