39 1
0 -0.081567 
1 -0.169330 
2 0.157511 
3 0.372194 
4 0.267800 
5 -0.171273 
6 -0.043761 
7 0.229714 
8 -0.142925 
9 0.230906 
10 0.197974 
11 -0.352451 
12 0.312201 
13 -0.173240 
14 0.471210 
15 0.296700 
16 0.321841 
17 0.044905 
18 -0.430576 
19 0.431515 
20 -0.378955 
21 -0.379080 
22 0.377051 
23 -0.099274 
24 0.435764 
25 -0.458916 
26 -0.046384 
27 0.302803 
28 0.103101 
29 -0.262903 
30 0.456749 
31 0.182396 
32 -0.081567 
33 -0.169330 
34 0.157511 
35 0.372194 
36 0.267800 
37 -0.171273 
38 -0.043761 
