39 1
0 0.424212 
1 0.462555 
2 0.193444 
3 0.031850 
4 -0.138838 
5 0.372979 
6 -0.047523 
7 -0.248292 
8 -0.146658 
9 -0.077912 
10 0.262410 
11 0.074186 
12 -0.115765 
13 0.310976 
14 0.127753 
15 -0.255571 
16 -0.450997 
17 -0.194021 
18 -0.154781 
19 -0.436117 
20 0.104838 
21 -0.241038 
22 0.009445 
23 -0.075808 
24 -0.146259 
25 0.446932 
26 -0.064977 
27 0.034381 
28 0.164103 
29 -0.206138 
30 -0.113106 
31 0.321274 
32 -0.091469 
33 0.424755 
34 -0.158640 
35 -0.230257 
36 0.364917 
37 0.023760 
38 0.272327 
