39 1
0 0.064040 
1 -0.039621 
2 -0.490870 
3 0.399731 
4 -0.206589 
5 -0.111234 
6 0.284895 
7 -0.486849 
8 0.077211 
9 -0.491799 
10 0.210473 
11 0.053152 
12 -0.297253 
13 -0.183295 
14 -0.188071 
15 0.130740 
16 0.345666 
17 0.459146 
18 0.441430 
19 -0.209030 
20 -0.307656 
21 0.434344 
22 -0.336361 
23 -0.495028 
24 0.088791 
25 0.489885 
26 0.020614 
27 0.304486 
28 -0.412296 
29 0.436041 
30 -0.153770 
31 0.168059 
32 0.064040 
33 -0.039621 
34 -0.490870 
35 0.399731 
36 -0.206589 
37 -0.111234 
38 0.284895 
