39 1
0 -0.176899 
1 0.242803 
2 0.118550 
3 -0.060744 
4 0.168795 
5 0.085072 
6 0.358895 
7 0.282999 
8 0.418257 
9 0.157924 
10 -0.077364 
11 -0.307225 
12 -0.249212 
13 -0.108160 
14 -0.090132 
15 0.239166 
16 0.062858 
17 0.176736 
18 0.268156 
19 0.188221 
20 0.191613 
21 0.328986 
22 -0.326070 
23 0.323822 
24 0.223272 
25 -0.390535 
26 -0.198569 
27 0.429024 
28 0.397196 
29 -0.211456 
30 0.484266 
31 0.226026 
32 0.009074 
33 0.134073 
34 0.077006 
35 0.247492 
36 -0.146374 
37 -0.254755 
38 0.494439 
