39 1
0 0.303456 
1 0.269650 
2 -0.174378 
3 -0.366001 
4 -0.446044 
5 -0.357332 
6 0.408957 
7 -0.060016 
8 -0.131028 
9 0.173506 
10 -0.181852 
11 -0.059827 
12 -0.301916 
13 0.062152 
14 -0.137582 
15 0.108667 
16 0.298883 
17 -0.210414 
18 -0.265750 
19 -0.314748 
20 -0.036488 
21 0.263015 
22 -0.320955 
23 0.011656 
24 0.180880 
25 0.348430 
26 -0.016815 
27 0.406582 
28 -0.473280 
29 0.162396 
30 -0.339617 
31 0.468790 
32 0.303456 
33 0.269650 
34 -0.174378 
35 -0.366001 
36 -0.446044 
37 -0.357332 
38 0.408957 
