39 1
0 0.480261 
1 0.362891 
2 0.192741 
3 0.312145 
4 0.434932 
5 -0.483759 
6 -0.435488 
7 -0.249839 
8 -0.116252 
9 0.382151 
10 0.376443 
11 0.119007 
12 -0.021685 
13 0.186660 
14 0.136173 
15 -0.328749 
16 0.459680 
17 0.355677 
18 0.168315 
19 0.178884 
20 0.385152 
21 0.427980 
22 0.373284 
23 0.292873 
24 -0.207349 
25 -0.227876 
26 0.180295 
27 -0.320107 
28 0.472490 
29 -0.134976 
30 -0.288296 
31 -0.492976 
32 -0.358240 
33 -0.462560 
34 -0.157876 
35 0.254875 
36 0.044949 
37 -0.074260 
38 0.411868 
