39 1
0 0.146565 
1 0.343411 
2 0.090151 
3 -0.343879 
4 0.124920 
5 0.132925 
6 0.190434 
7 0.347324 
8 0.253839 
9 -0.007734 
10 -0.309851 
11 -0.080717 
12 0.118015 
13 0.158435 
14 -0.027437 
15 -0.493779 
16 -0.478293 
17 -0.172563 
18 0.429616 
19 0.030010 
20 0.370779 
21 0.055691 
22 -0.044138 
23 0.096043 
24 -0.327184 
25 -0.149963 
26 0.408993 
27 -0.465975 
28 0.111728 
29 -0.270631 
30 -0.257136 
31 0.307197 
32 0.146565 
33 0.343411 
34 0.090151 
35 -0.343879 
36 0.124920 
37 0.132925 
38 0.190434 
